SampleNumber	Tile	NumberOfReadsRaw	NumberOfReadsPF
0	1101	262856	99998
1	1101	7860	7860
2	1101	1084	1084
3	1101	1665	1665
4	1101	1050	1050
5	1101	869	869
6	1101	20950	20950
7	1101	2755	2755
8	1101	1371	1371
9	1101	1287	1287
10	1101	17118	17118
11	1101	23140	23140
12	1101	9400	9400
13	1101	252	252
14	1101	10911	10911
15	1101	1801	1801
16	1101	1763	1763
17	1101	1936	1936
18	1101	7718	7718
19	1101	8274	8274
20	1101	8035	8035
21	1101	1643	1643
22	1101	39	39
23	1101	14175	14175
24	1101	72548	72548
0	1102	219575	18891
1	1102	6889	6889
2	1102	1024	1024
3	1102	2526	2526
4	1102	1250	1250
5	1102	740	740
6	1102	19460	19460
7	1102	3213	3213
8	1102	1740	1740
9	1102	1166	1166
10	1102	15777	15777
11	1102	32879	32879
12	1102	13512	13512
13	1102	277	277
14	1102	9931	9931
15	1102	3164	3164
16	1102	2166	2166
17	1102	1715	1715
18	1102	6976	6976
19	1102	12101	12101
20	1102	11828	11828
21	1102	1427	1427
22	1102	24	24
23	1102	17469	17469
24	1102	93671	93671
0	1103	224846	12315
1	1103	6876	6876
2	1103	1016	1016
3	1103	2525	2525
4	1103	1274	1274
5	1103	727	727
6	1103	19646	19646
7	1103	3215	3215
8	1103	1666	1666
9	1103	1133	1133
10	1103	15700	15700
11	1103	32090	32090
12	1103	13046	13046
13	1103	284	284
14	1103	9996	9996
15	1103	3067	3067
16	1103	2166	2166
17	1103	1731	1731
18	1103	6965	6965
19	1103	11628	11628
20	1103	11597	11597
21	1103	1511	1511
22	1103	27	27
23	1103	17164	17164
24	1103	90604	90604
0	1104	218947	22477
1	1104	6963	6963
2	1104	1052	1052
3	1104	2520	2520
4	1104	1246	1246
5	1104	754	754
6	1104	19314	19314
7	1104	3278	3278
8	1104	1783	1783
9	1104	1063	1063
10	1104	15539	15539
11	1104	33162	33162
12	1104	13284	13284
13	1104	257	257
14	1104	9993	9993
15	1104	3173	3173
16	1104	2188	2188
17	1104	1695	1695
18	1104	6761	6761
19	1104	11819	11819
20	1104	11918	11918
21	1104	1444	1444
22	1104	27	27
23	1104	17726	17726
24	1104	94594	94594
0	1105	226107	12853
1	1105	6769	6769
2	1105	1057	1057
3	1105	2589	2589
4	1105	1288	1288
5	1105	752	752
6	1105	19414	19414
7	1105	3164	3164
8	1105	1600	1600
9	1105	1176	1176
10	1105	15415	15415
11	1105	31845	31845
12	1105	12832	12832
13	1105	250	250
14	1105	9804	9804
15	1105	3143	3143
16	1105	2133	2133
17	1105	1717	1717
18	1105	6980	6980
19	1105	11679	11679
20	1105	11462	11462
21	1105	1543	1543
22	1105	26	26
23	1105	17341	17341
24	1105	90414	90414
0	1106	228698	21436
1	1106	6530	6530
2	1106	1023	1023
3	1106	2568	2568
4	1106	1229	1229
5	1106	718	718
6	1106	18745	18745
7	1106	3176	3176
8	1106	1631	1631
9	1106	1018	1018
10	1106	14860	14860
11	1106	31583	31583
12	1106	12922	12922
13	1106	216	216
14	1106	9372	9372
15	1106	2954	2954
16	1106	2092	2092
17	1106	1724	1724
18	1106	6679	6679
19	1106	11592	11592
20	1106	11346	11346
21	1106	1403	1403
22	1106	26	26
23	1106	16907	16907
24	1106	91488	91488
0	1107	223999	13705
1	1107	6695	6695
2	1107	1036	1036
3	1107	2671	2671
4	1107	1272	1272
5	1107	726	726
6	1107	19573	19573
7	1107	3246	3246
8	1107	1716	1716
9	1107	1149	1149
10	1107	15569	15569
11	1107	32106	32106
12	1107	13015	13015
13	1107	272	272
14	1107	9898	9898
15	1107	3153	3153
16	1107	2144	2144
17	1107	1713	1713
18	1107	6939	6939
19	1107	11522	11522
20	1107	11593	11593
21	1107	1365	1365
22	1107	18	18
23	1107	17294	17294
24	1107	91816	91816
0	1108	245054	20402
1	1108	6109	6109
2	1108	897	897
3	1108	2324	2324
4	1108	1175	1175
5	1108	652	652
6	1108	17676	17676
7	1108	2999	2999
8	1108	1590	1590
9	1108	1065	1065
10	1108	13894	13894
11	1108	29374	29374
12	1108	11877	11877
13	1108	241	241
14	1108	8944	8944
15	1108	2756	2756
16	1108	1996	1996
17	1108	1520	1520
18	1108	6287	6287
19	1108	10846	10846
20	1108	10760	10760
21	1108	1312	1312
22	1108	15	15
23	1108	15878	15878
24	1108	85259	85259
0	1109	223266	15285
1	1109	6842	6842
2	1109	990	990
3	1109	2542	2542
4	1109	1218	1218
5	1109	770	770
6	1109	19299	19299
7	1109	3327	3327
8	1109	1652	1652
9	1109	1190	1190
10	1109	15416	15416
11	1109	32212	32212
12	1109	13305	13305
13	1109	239	239
14	1109	9714	9714
15	1109	3097	3097
16	1109	2217	2217
17	1109	1789	1789
18	1109	6820	6820
19	1109	11807	11807
20	1109	11947	11947
21	1109	1464	1464
22	1109	21	21
23	1109	17204	17204
24	1109	92152	92152
0	1110	254426	19185
1	1110	5795	5795
2	1110	883	883
3	1110	2272	2272
4	1110	1152	1152
5	1110	634	634
6	1110	16898	16898
7	1110	2871	2871
8	1110	1443	1443
9	1110	963	963
10	1110	13384	13384
11	1110	28230	28230
12	1110	11472	11472
13	1110	200	200
14	1110	8778	8778
15	1110	2659	2659
16	1110	1868	1868
17	1110	1476	1476
18	1110	6131	6131
19	1110	10371	10371
20	1110	10249	10249
21	1110	1294	1294
22	1110	22	22
23	1110	15628	15628
24	1110	81401	81401
0	1111	224310	15664
1	1111	6700	6700
2	1111	966	966
3	1111	2563	2563
4	1111	1283	1283
5	1111	779	779
6	1111	19448	19448
7	1111	3274	3274
8	1111	1691	1691
9	1111	1157	1157
10	1111	15332	15332
11	1111	32355	32355
12	1111	13022	13022
13	1111	260	260
14	1111	9606	9606
15	1111	3033	3033
16	1111	2138	2138
17	1111	1683	1683
18	1111	6980	6980
19	1111	11777	11777
20	1111	11673	11673
21	1111	1503	1503
22	1111	33	33
23	1111	17157	17157
24	1111	91777	91777
0	1112	270751	13555
1	1112	5618	5618
2	1112	808	808
3	1112	2030	2030
4	1112	1048	1048
5	1112	633	633
6	1112	15776	15776
7	1112	2673	2673
8	1112	1346	1346
9	1112	874	874
10	1112	12515	12515
11	1112	26207	26207
12	1112	10594	10594
13	1112	172	172
14	1112	8165	8165
15	1112	2487	2487
16	1112	1827	1827
17	1112	1505	1505
18	1112	5592	5592
19	1112	9501	9501
20	1112	9578	9578
21	1112	1118	1118
22	1112	14	14
23	1112	14409	14409
24	1112	75259	75259
0	1113	226175	16824
1	1113	6714	6714
2	1113	994	994
3	1113	2607	2607
4	1113	1271	1271
5	1113	754	754
6	1113	19236	19236
7	1113	3227	3227
8	1113	1742	1742
9	1113	1128	1128
10	1113	15261	15261
11	1113	31791	31791
12	1113	12852	12852
13	1113	250	250
14	1113	9892	9892
15	1113	3084	3084
16	1113	2168	2168
17	1113	1725	1725
18	1113	6765	6765
19	1113	11788	11788
20	1113	11423	11423
21	1113	1433	1433
22	1113	18	18
23	1113	16980	16980
24	1113	91222	91222
0	1114	256579	18134
1	1114	5948	5948
2	1114	862	862
3	1114	2134	2134
4	1114	1143	1143
5	1114	620	620
6	1114	16681	16681
7	1114	2802	2802
8	1114	1476	1476
9	1114	990	990
10	1114	13217	13217
11	1114	27943	27943
12	1114	11282	11282
13	1114	195	195
14	1114	8615	8615
15	1114	2590	2590
16	1114	1877	1877
17	1114	1532	1532
18	1114	6082	6082
19	1114	10344	10344
20	1114	10343	10343
21	1114	1242	1242
22	1114	15	15
23	1114	15360	15360
24	1114	80628	80628
0	1115	246009	17843
1	1115	6105	6105
2	1115	901	901
3	1115	2319	2319
4	1115	1269	1269
5	1115	711	711
6	1115	17527	17527
7	1115	2978	2978
8	1115	1529	1529
9	1115	972	972
10	1115	14100	14100
11	1115	29478	29478
12	1115	11868	11868
13	1115	228	228
14	1115	8979	8979
15	1115	2767	2767
16	1115	1943	1943
17	1115	1659	1659
18	1115	6315	6315
19	1115	10581	10581
20	1115	10693	10693
21	1115	1315	1315
22	1115	23	23
23	1115	15775	15775
24	1115	84456	84456
0	1116	248620	20049
1	1116	5863	5863
2	1116	842	842
3	1116	2348	2348
4	1116	1171	1171
5	1116	683	683
6	1116	17149	17149
7	1116	3053	3053
8	1116	1506	1506
9	1116	972	972
10	1116	13833	13833
11	1116	29218	29218
12	1116	11725	11725
13	1116	229	229
14	1116	8773	8773
15	1116	2754	2754
16	1116	1923	1923
17	1116	1453	1453
18	1116	6186	6186
19	1116	10839	10839
20	1116	10629	10629
21	1116	1261	1261
22	1116	25	25
23	1116	15720	15720
24	1116	83725	83725
